t # 0
v 0 0
v 1 1
v 2 2
v 3 3
v 4 4
v 5 5
v 6 6
v 7 7
v 8 8
v 9 9
v 10 10
v 11 11
v 12 12
v 13 13
v 14 14
v 15 15
v 16 16
v 17 17
v 18 18
v 19 19
v 20 20
v 21 21
v 22 22
v 23 23
v 24 24
v 25 25
v 26 26
v 27 27
v 28 28
v 29 29
v 30 30
v 31 31
v 32 32
v 33 33
v 34 34
v 35 35
v 36 36
v 37 37
v 38 38
v 39 39
v 40 40
v 41 41
v 42 42
v 43 43
v 44 44
v 45 45
v 46 46
v 47 47
v 48 48
v 49 49
v 50 50
v 51 51
v 52 52
v 53 53
v 54 54
v 55 55
v 56 56
v 57 57
v 58 58
v 59 59
v 60 60
v 61 61
v 62 62
v 63 63
v 64 64
v 65 65
v 66 66
v 67 67
v 68 68
v 69 69
v 70 70
v 71 71
v 72 72
v 73 73
v 74 74
v 75 75
v 76 76
v 77 77
v 78 78
v 79 79
v 80 80
v 81 81
v 82 82
v 83 83
v 84 84
v 85 85
v 86 86
v 87 87
v 88 88
v 89 89
v 90 90
v 91 91
v 92 92
v 93 93
v 94 94
v 95 95
v 96 96
v 97 97
v 98 98
v 99 99
v 100 100
v 101 101
v 102 102
v 103 103
v 104 104
v 105 105
v 106 106
v 107 107
v 108 108
v 109 109
v 110 110
v 111 111
v 112 112
v 113 113
v 114 114
v 115 115
v 116 116
v 117 117
v 118 118
v 119 119
v 120 120
v 121 121
v 122 122
v 123 123
v 124 124
v 125 125
v 126 126
v 127 127
v 128 128
v 129 129
v 130 130
v 131 131
e 0 1 0
e 2 0 0
e 2 2 0
e 3 2 0
e 4 5 0
e 6 4 0
e 3 6 0
e 7 4 0
e 4 4 0
e 8 3 0
e 9 3 0
e 10 3 0
e 4 2 0
e 4 11 0
e 12 11 0
e 13 12 0
e 14 13 0
e 15 14 0
e 16 2 0
e 15 3 0
e 17 2 0
e 8 1 0
e 3 1 0
e 18 2 0
e 18 18 0
e 3 18 0
e 2 1 0
e 18 4 0
e 6 11 0
e 19 6 0
e 7 6 0
e 1 7 0
e 18 1 0
e 0 18 0
e 20 3 0
e 0 3 0
e 2 7 0
e 11 7 0
e 21 11 0
e 12 21 0
e 6 12 0
e 8 7 0
e 22 11 0
e 12 7 0
e 2 6 0
e 0 7 0
e 10 0 0
e 1 10 0
e 1 1 0
e 10 2 0
e 18 10 0
e 8 6 0
e 17 10 0
e 18 6 0
e 23 6 0
e 19 4 0
e 23 23 0
e 8 10 0
e 23 12 0
e 19 23 0
e 23 7 0
e 19 15 0
e 19 11 0
e 4 23 0
e 23 2 0
e 3 23 0
e 0 23 0
e 24 6 0
e 23 24 0
e 19 7 0
e 7 7 0
e 8 25 0
e 25 2 0
e 2 20 0
e 0 20 0
e 26 2 0
e 20 26 0
e 2 27 0
e 0 0 0
e 17 21 0
e 7 21 0
e 21 23 0
e 8 2 0
e 6 10 0
e 28 1 0
e 8 0 0
e 8 18 0
e 4 0 0
e 29 0 0
e 7 15 0
e 30 6 0
e 19 1 0
e 29 4 0
e 5 6 0
e 0 19 0
e 0 6 0
e 31 18 0
e 31 3 0
e 32 1 0
e 0 32 0
e 2 32 0
e 32 18 0
e 27 18 0
e 29 1 0
e 19 2 0
e 33 3 0
e 8 34 0
e 2 34 0
e 34 3 0
e 35 2 0
e 15 6 0
e 15 11 0
e 29 18 0
e 8 27 0
e 36 18 0
e 1 36 0
e 27 36 0
e 27 20 0
e 18 20 0
e 34 18 0
e 2 31 0
e 10 31 0
e 0 31 0
e 27 31 0
e 37 0 0
e 18 37 0
e 34 1 0
e 31 31 0
e 11 35 0
e 20 20 0
e 5 2 0
e 38 2 0
e 1 6 0
e 2 39 0
e 27 27 0
e 0 27 0
e 1 31 0
e 27 3 0
e 39 0 0
e 7 40 0
e 4 40 0
e 8 4 0
e 41 3 0
e 41 2 0
e 10 20 0
e 42 18 0
e 0 42 0
e 20 15 0
e 4 15 0
e 10 27 0
e 43 7 0
e 18 43 0
e 4 3 0
e 18 38 0
e 20 6 0
e 44 27 0
e 31 20 0
e 37 20 0
e 42 10 0
e 34 39 0
e 34 34 0
e 41 7 0
e 6 21 0
e 45 3 0
e 2 45 0
e 27 1 0
e 18 41 0
e 0 46 0
e 47 46 0
e 10 41 0
e 37 37 0
e 37 3 0
e 2 37 0
e 2 9 0
e 37 10 0
e 20 7 0
e 48 27 0
e 18 48 0
e 30 7 0
e 15 27 0
e 20 11 0
e 21 4 0
e 49 7 0
e 0 15 0
e 0 41 0
e 20 4 0
e 3 11 0
e 11 10 0
e 50 4 0
e 7 3 0
e 0 45 0
e 0 48 0
e 51 0 0
e 45 45 0
e 45 18 0
e 51 10 0
e 27 51 0
e 6 6 0
e 38 38 0
e 45 4 0
e 18 19 0
e 18 7 0
e 45 15 0
e 11 50 0
e 11 1 0
e 52 10 0
e 47 52 0
e 9 47 0
e 53 5 0
e 54 6 0
e 55 18 0
e 55 0 0
e 38 27 0
e 38 0 0
e 31 4 0
e 39 45 0
e 11 18 0
e 18 39 0
e 56 18 0
e 31 56 0
e 4 54 0
e 27 55 0
e 55 15 0
e 54 15 0
e 27 54 0
e 55 55 0
e 10 38 0
e 54 7 0
e 57 6 0
e 56 27 0
e 58 18 0
e 27 58 0
e 58 38 0
e 53 7 0
e 19 54 0
e 18 54 0
e 56 1 0
e 2 56 0
e 56 10 0
e 59 1 0
e 59 27 0
e 59 2 0
e 59 10 0
e 27 4 0
e 18 47 0
e 1 4 0
e 8 60 0
e 13 4 0
e 43 13 0
e 6 43 0
e 61 54 0
e 62 54 0
e 38 31 0
e 38 56 0
e 8 31 0
e 63 54 0
e 63 27 0
e 15 18 0
e 49 27 0
e 37 27 0
e 64 65 0
e 1 64 0
e 64 2 0
e 66 0 0
e 18 66 0
e 27 6 0
e 19 43 0
e 67 18 0
e 0 67 0
e 67 2 0
e 43 4 0
e 68 1 0
e 19 27 0
e 27 7 0
e 34 27 0
e 9 18 0
e 69 27 0
e 0 69 0
e 18 69 0
e 0 34 0
e 70 2 0
e 70 6 0
e 10 70 0
e 70 4 0
e 18 70 0
e 71 4 0
e 54 71 0
e 0 54 0
e 33 2 0
e 67 27 0
e 1 5 0
e 72 5 0
e 73 72 0
e 74 75 0
e 76 73 0
e 77 73 0
e 75 73 0
e 77 54 0
e 78 77 0
e 73 78 0
e 79 78 0
e 79 73 0
e 80 79 0
e 8 81 0
e 82 73 0
e 83 73 0
e 80 73 0
e 75 79 0
e 74 79 0
e 80 77 0
e 0 79 0
e 8 79 0
e 10 79 0
e 77 79 0
e 75 77 0
e 84 72 0
e 85 77 0
e 84 4 0
e 72 4 0
e 75 72 0
e 86 78 0
e 87 78 0
e 88 81 0
e 27 81 0
e 8 75 0
e 84 69 0
e 2 69 0
e 0 77 0
e 72 77 0
e 72 79 0
e 4 79 0
e 75 6 0
e 74 6 0
e 72 6 0
e 85 75 0
e 19 72 0
e 74 73 0
e 89 4 0
e 90 72 0
e 91 72 0
e 77 91 0
e 74 4 0
e 74 72 0
e 90 7 0
e 76 79 0
e 78 75 0
e 8 13 0
e 8 78 0
e 92 6 0
e 85 6 0
e 81 75 0
e 76 72 0
e 93 78 0
e 84 73 0
e 84 81 0
e 90 4 0
e 84 79 0
e 90 5 0
e 85 79 0
e 76 4 0
e 83 79 0
e 94 77 0
e 85 4 0
e 95 77 0
e 96 95 0
e 90 79 0
e 4 75 0
e 76 77 0
e 6 79 0
e 97 73 0
e 77 97 0
e 84 6 0
e 98 73 0
e 99 73 0
e 79 99 0
e 100 6 0
e 96 75 0
e 101 96 0
e 76 6 0
e 85 72 0
e 8 102 0
e 7 102 0
e 13 7 0
e 8 73 0
e 76 5 0
e 82 72 0
e 90 77 0
e 81 73 0
e 8 72 0
e 8 43 0
e 103 46 0
e 7 46 0
e 90 73 0
e 8 95 0
e 104 73 0
e 74 96 0
e 8 5 0
e 85 73 0
e 8 105 0
e 75 105 0
e 101 77 0
e 105 77 0
e 76 75 0
e 106 75 0
e 76 106 0
e 13 21 0
e 107 7 0
e 13 107 0
e 102 43 0
e 84 77 0
e 71 21 0
e 77 71 0
e 73 105 0
e 106 73 0
e 108 81 0
e 82 77 0
e 106 72 0
e 106 77 0
e 109 6 0
e 74 81 0
e 77 81 0
e 101 72 0
e 85 96 0
e 74 106 0
e 105 106 0
e 79 96 0
e 110 75 0
e 105 110 0
e 111 77 0
e 101 95 0
e 76 105 0
e 79 105 0
e 112 79 0
e 113 4 0
e 114 4 0
e 115 116 0
e 88 7 0
e 73 7 0
e 117 79 0
e 84 118 0
e 74 77 0
e 105 72 0
e 71 7 0
e 119 77 0
e 120 106 0
e 121 72 0
e 9 121 0
e 122 2 0
e 0 122 0
e 79 2 0
e 9 0 0
e 9 122 0
e 123 0 0
e 2 123 0
e 84 96 0
e 46 71 0
e 2 124 0
e 125 0 0
e 2 126 0
e 127 128 0
e 7 127 0
e 129 0 0
e 130 0 0
e 122 130 0
e 130 2 0
e 122 123 0
e 126 0 0
e 21 2 0
e 0 131 0
e 4 131 0
e 122 122 0
e 109 21 0
e 4 109 0
